[[(61,30),(60,30),(58,28),(60,26),(68,26),(70,28),(70,32),(66,36),(66,44),(68,46),(70,46),(16,20)],
[(61,30),(60,30),(58,28),(60,26),(68,26),(70,28),(70,32),(66,36),(66,40),(68,42),(76,42),(78,44),(78,48),(82,52),(82,56),(86,60),(86,68),(94,76),(94,80),(92,82),(88,82),(86,84),(88,86),(92,86),(96,90),(98,88),(98,72),(94,68),(98,64),(98,60),(94,56),(98,52),(94,48),(98,44),(98,32),(94,28),(94,20),(98,16),(96,14),(92,14),(88,10),(84,14),(82,12),(82,8),(84,6),(88,6),(90,4),(88,2),(78,2),(16,21)],
[(61,30),(60,30),(58,28),(60,26),(68,26),(70,28),(70,32),(66,36),(66,40),(68,42),(72,42),(74,44),(74,48),(68,54),(62,48),(62,44),(60,42),(58,44),(58,48),(56,50),(40,50),(38,52),(38,56),(36,58),(34,56),(34,48),(32,46),(30,46),(16,9)],
[(61,30),(60,30),(58,28),(60,26),(68,26),(70,28),(70,32),(66,36),(66,40),(68,42),(72,42),(74,44),(74,48),(68,54),(62,48),(62,44),(60,42),(58,44),(58,48),(56,50),(40,50),(38,52),(38,56),(36,58),(34,56),(34,44),(36,42),(40,42),(42,40),(42,38),(16,11)],
[(61,30),(60,30),(58,28),(60,26),(68,26),(70,28),(70,32),(66,36),(66,40),(68,42),(72,42),(74,44),(74,48),(68,54),(62,48),(62,44),(60,42),(58,44),(58,48),(56,50),(42,50),(16,12)],
[(61,30),(60,30),(58,28),(60,26),(68,26),(70,28),(70,32),(66,36),(66,40),(68,42),(72,42),(74,44),(74,48),(68,54),(63,49),(62,49),(16,18)],
[(61,30),(60,30),(58,28),(60,26),(68,26),(70,28),(70,32),(66,36),(66,40),(68,42),(72,42),(74,44),(74,48),(68,54),(62,48),(62,44),(60,42),(58,44),(58,48),(56,50),(40,50),(38,52),(38,56),(40,58),(52,58),(54,60),(54,62),(16,14)],
[(61,30),(60,30),(58,28),(60,26),(68,26),(70,28),(70,32),(66,36),(66,40),(68,42),(72,42),(74,44),(74,48),(68,54),(62,48),(62,44),(60,42),(58,44),(58,48),(56,50),(40,50),(38,52),(38,56),(40,58),(44,58),(46,60),(46,62),(16,13)],
[(61,30),(60,30),(58,28),(60,26),(68,26),(70,28),(70,32),(66,36),(66,40),(68,42),(72,42),(74,44),(74,48),(68,54),(62,48),(62,44),(60,42),(58,44),(58,48),(56,50),(40,50),(38,52),(38,56),(40,58),(44,58),(50,64),(50,68),(54,72),(16,15)],
[(61,30),(60,30),(58,28),(60,26),(68,26),(70,28),(70,32),(66,36),(66,40),(68,42),(72,42),(74,44),(74,48),(68,54),(62,48),(62,44),(60,42),(58,44),(58,48),(56,50),(40,50),(38,52),(38,56),(36,58),(34,56),(34,44),(32,42),(22,42),(16,7)],
[(70,46),(68,46),(66,44),(68,42),(76,42),(78,44),(78,48),(82,52),(82,56),(86,60),(86,68),(94,76),(94,80),(92,82),(88,82),(86,84),(88,86),(92,86),(96,90),(98,88),(98,72),(94,68),(98,64),(98,60),(94,56),(98,52),(94,48),(98,44),(98,32),(94,28),(94,20),(98,16),(96,14),(92,14),(88,10),(84,14),(82,12),(82,8),(84,6),(88,6),(90,4),(88,2),(78,2),(20,21)],
[(70,46),(68,46),(66,44),(68,42),(72,42),(74,44),(74,48),(68,54),(62,48),(62,44),(60,42),(58,44),(58,48),(56,50),(40,50),(38,52),(38,56),(36,58),(34,56),(34,48),(32,46),(30,46),(20,9)],
[(70,46),(68,46),(66,44),(68,42),(72,42),(74,44),(74,48),(68,54),(62,48),(62,44),(60,42),(58,44),(58,48),(56,50),(40,50),(38,52),(38,56),(36,58),(34,56),(34,44),(36,42),(40,42),(42,40),(42,38),(20,11)],
[(70,46),(68,46),(66,44),(68,42),(72,42),(74,44),(74,48),(68,54),(62,48),(62,44),(60,42),(58,44),(58,48),(56,50),(42,50),(20,12)],
[(70,46),(68,46),(66,44),(68,42),(72,42),(74,44),(74,48),(68,54),(63,49),(62,49),(20,18)],
[(70,46),(68,46),(66,44),(68,42),(72,42),(74,44),(74,48),(68,54),(62,48),(62,44),(60,42),(58,44),(58,48),(56,50),(40,50),(38,52),(38,56),(40,58),(52,58),(54,60),(54,62),(20,14)],
[(70,46),(68,46),(66,44),(68,42),(72,42),(74,44),(74,48),(68,54),(62,48),(62,44),(60,42),(58,44),(58,48),(56,50),(40,50),(38,52),(38,56),(40,58),(44,58),(46,60),(46,62),(20,13)],
[(70,46),(68,46),(66,44),(68,42),(72,42),(74,44),(74,48),(68,54),(62,48),(62,44),(60,42),(58,44),(58,48),(56,50),(40,50),(38,52),(38,56),(40,58),(44,58),(50,64),(50,68),(54,72),(20,15)],
[(70,46),(68,46),(66,44),(68,42),(72,42),(74,44),(74,48),(68,54),(62,48),(62,44),(60,42),(58,44),(58,48),(56,50),(40,50),(38,52),(38,56),(36,58),(34,56),(34,44),(32,42),(22,42),(20,7)],
[(78,2),(88,2),(90,4),(88,6),(84,6),(82,8),(82,12),(84,14),(88,10),(92,14),(96,14),(98,16),(94,20),(94,28),(98,32),(98,44),(94,48),(98,52),(94,56),(98,60),(98,64),(94,68),(98,72),(98,88),(96,90),(92,86),(88,86),(86,84),(88,82),(92,82),(94,80),(94,76),(86,68),(86,60),(82,56),(82,52),(78,48),(78,44),(76,42),(74,44),(74,48),(68,54),(62,48),(62,44),(60,42),(58,44),(58,48),(56,50),(40,50),(38,52),(38,56),(36,58),(34,56),(34,48),(32,46),(30,46),(21,9)],
[(78,2),(88,2),(90,4),(88,6),(84,6),(82,8),(82,12),(84,14),(88,10),(92,14),(96,14),(98,16),(94,20),(94,28),(98,32),(98,44),(94,48),(98,52),(94,56),(98,60),(98,64),(94,68),(98,72),(98,88),(96,90),(92,86),(88,86),(86,84),(88,82),(92,82),(94,80),(94,76),(86,68),(86,60),(82,56),(82,52),(78,48),(78,44),(76,42),(74,44),(74,48),(68,54),(62,48),(62,44),(60,42),(58,44),(58,48),(56,50),(40,50),(38,52),(38,56),(36,58),(34,56),(34,44),(36,42),(40,42),(42,40),(42,38),(21,11)],
[(78,2),(88,2),(90,4),(88,6),(84,6),(82,8),(82,12),(84,14),(88,10),(92,14),(96,14),(98,16),(94,20),(94,28),(98,32),(98,44),(94,48),(98,52),(94,56),(98,60),(98,64),(94,68),(98,72),(98,88),(96,90),(92,86),(88,86),(86,84),(88,82),(92,82),(94,80),(94,76),(86,68),(86,60),(82,56),(82,52),(78,48),(78,44),(76,42),(74,44),(74,48),(68,54),(62,48),(62,44),(60,42),(58,44),(58,48),(56,50),(42,50),(21,12)],
[(78,2),(88,2),(90,4),(88,6),(84,6),(82,8),(82,12),(84,14),(88,10),(92,14),(96,14),(98,16),(94,20),(94,28),(98,32),(98,44),(94,48),(98,52),(94,56),(98,60),(98,64),(94,68),(98,72),(98,88),(96,90),(92,86),(88,86),(86,84),(88,82),(92,82),(94,80),(94,76),(86,68),(86,60),(82,56),(82,52),(78,48),(78,44),(76,42),(74,44),(74,48),(68,54),(63,49),(62,49),(21,18)],
[(78,2),(88,2),(90,4),(88,6),(84,6),(82,8),(82,12),(84,14),(88,10),(92,14),(96,14),(98,16),(94,20),(94,28),(98,32),(98,44),(94,48),(98,52),(94,56),(98,60),(98,64),(94,68),(98,72),(98,88),(96,90),(92,86),(88,86),(86,84),(88,82),(92,82),(94,80),(94,76),(86,68),(86,60),(82,56),(82,52),(78,48),(78,44),(76,42),(74,44),(74,48),(68,54),(62,48),(62,44),(60,42),(58,44),(58,48),(56,50),(40,50),(38,52),(38,56),(40,58),(52,58),(54,60),(54,62),(21,14)],
[(78,2),(88,2),(90,4),(88,6),(84,6),(82,8),(82,12),(84,14),(88,10),(92,14),(96,14),(98,16),(94,20),(94,28),(98,32),(98,44),(94,48),(98,52),(94,56),(98,60),(98,64),(94,68),(98,72),(98,88),(96,90),(92,86),(88,86),(86,84),(88,82),(92,82),(94,80),(94,76),(86,68),(86,60),(82,56),(82,52),(78,48),(78,44),(76,42),(74,44),(74,48),(68,54),(62,48),(62,44),(60,42),(58,44),(58,48),(56,50),(40,50),(38,52),(38,56),(40,58),(44,58),(46,60),(46,62),(21,13)],
[(78,2),(88,2),(90,4),(88,6),(84,6),(82,8),(82,12),(84,14),(88,10),(92,14),(96,14),(98,16),(94,20),(94,28),(98,32),(98,44),(94,48),(98,52),(94,56),(98,60),(98,64),(94,68),(98,72),(98,88),(96,90),(92,86),(88,86),(86,84),(88,82),(92,82),(94,80),(94,76),(86,68),(86,60),(82,56),(82,52),(78,48),(78,44),(76,42),(74,44),(74,48),(68,54),(62,48),(62,44),(60,42),(58,44),(58,48),(56,50),(40,50),(38,52),(38,56),(40,58),(44,58),(50,64),(50,68),(54,72),(21,15)],
[(78,2),(88,2),(90,4),(88,6),(84,6),(82,8),(82,12),(84,14),(88,10),(92,14),(96,14),(98,16),(94,20),(94,28),(98,32),(98,44),(94,48),(98,52),(94,56),(98,60),(98,64),(94,68),(98,72),(98,88),(96,90),(92,86),(88,86),(86,84),(88,82),(92,82),(94,80),(94,76),(86,68),(86,60),(82,56),(82,52),(78,48),(78,44),(76,42),(74,44),(74,48),(68,54),(62,48),(62,44),(60,42),(58,44),(58,48),(56,50),(40,50),(38,52),(38,56),(36,58),(34,56),(34,44),(32,42),(22,42),(21,7)],
[(30,46),(32,46),(36,42),(40,42),(42,40),(42,38),(9,11)],
[(30,46),(32,46),(34,48),(34,56),(36,58),(38,56),(38,52),(40,50),(42,50),(9,12)],
[(30,46),(32,46),(34,48),(34,56),(36,58),(38,56),(38,52),(40,50),(56,50),(58,48),(58,44),(60,42),(62,44),(62,49),(9,18)],
[(30,46),(32,46),(34,48),(34,56),(36,58),(52,58),(54,60),(54,62),(9,14)],
[(30,46),(32,46),(34,48),(34,56),(36,58),(44,58),(46,60),(46,62),(9,13)],
[(30,46),(32,46),(34,48),(34,56),(36,58),(44,58),(50,64),(50,68),(54,72),(9,15)],
[(30,46),(32,46),(34,44),(32,42),(22,42),(9,7)],
[(42,38),(42,40),(40,42),(36,42),(34,44),(34,56),(36,58),(38,56),(38,52),(40,50),(42,50),(11,12)],
[(42,38),(42,40),(40,42),(36,42),(34,44),(34,56),(36,58),(38,56),(38,52),(40,50),(56,50),(58,48),(58,44),(60,42),(62,44),(62,49),(11,18)],
[(42,38),(42,40),(40,42),(36,42),(34,44),(34,56),(36,58),(52,58),(54,60),(54,62),(11,14)],
[(42,38),(42,40),(40,42),(36,42),(34,44),(34,56),(36,58),(44,58),(46,60),(46,62),(11,13)],
[(42,38),(42,40),(40,42),(36,42),(34,44),(34,56),(36,58),(44,58),(50,64),(50,68),(54,72),(11,15)],
[(42,38),(42,40),(40,42),(22,42),(11,7)],
[(42,50),(56,50),(58,48),(58,44),(60,42),(62,44),(62,49),(12,18)],
[(42,50),(40,50),(38,52),(38,56),(40,58),(52,58),(54,60),(54,62),(12,14)],
[(42,50),(40,50),(38,52),(38,56),(40,58),(44,58),(46,60),(46,62),(12,13)],
[(42,50),(40,50),(38,52),(38,56),(40,58),(44,58),(50,64),(50,68),(54,72),(12,15)],
[(42,50),(40,50),(38,52),(38,56),(36,58),(34,56),(34,44),(32,42),(22,42),(12,7)],
[(62,49),(62,44),(60,42),(58,44),(58,48),(56,50),(40,50),(38,52),(38,56),(40,58),(52,58),(54,60),(54,62),(18,14)],
[(62,49),(62,44),(60,42),(58,44),(58,48),(56,50),(40,50),(38,52),(38,56),(40,58),(44,58),(46,60),(46,62),(18,13)],
[(62,49),(62,44),(60,42),(58,44),(58,48),(56,50),(40,50),(38,52),(38,56),(40,58),(44,58),(50,64),(50,68),(54,72),(18,15)],
[(62,49),(62,44),(60,42),(58,44),(58,48),(56,50),(40,50),(38,52),(38,56),(36,58),(34,56),(34,44),(32,42),(22,42),(18,7)],
[(54,62),(54,60),(52,58),(48,58),(46,60),(46,62),(14,13)],
[(54,62),(54,60),(52,58),(48,58),(46,60),(50,64),(50,68),(54,72),(14,15)],
[(54,62),(54,60),(52,58),(36,58),(34,56),(34,44),(32,42),(22,42),(14,7)],
[(46,62),(48,62),(50,64),(50,68),(54,72),(13,15)],
[(46,62),(46,60),(44,58),(36,58),(34,56),(34,44),(32,42),(22,42),(13,7)],
[(54,72),(50,68),(50,64),(44,58),(36,58),(34,56),(34,44),(32,42),(22,42),(15,7)],
]